"Microrregiao" "SEXO" "IDADE.CAT" "tot.pop"
11001 0 0 153264
11001 0 1 110853
11001 1 0 159442
11001 1 1 116761
11002 0 0 20878
11002 0 1 13927
11002 1 0 21756
11002 1 1 14808
11003 0 0 47872
11003 0 1 35058
11003 1 0 49166
11003 1 1 39054
11004 0 0 80225
11004 0 1 66719
11004 1 0 81230
11004 1 1 67292
11005 0 0 19154
11005 0 1 14593
11005 1 0 19968
11005 1 1 16469
11006 0 0 61420
11006 0 1 51432
11006 1 0 62220
11006 1 1 53140
11007 0 0 36550
11007 0 1 29352
11007 1 0 37139
11007 1 1 29636
11008 0 0 13598
11008 0 1 12357
11008 1 0 13984
11008 1 1 13092
12001 0 0 44389
12001 0 1 20324
12001 1 0 45666
12001 1 1 21126
12002 0 0 25701
12002 0 1 10397
12002 1 0 27014
12002 1 1 11467
12003 0 0 16238
12003 0 1 8063
12003 1 0 17540
12003 1 1 8860
12004 0 0 125036
12004 0 1 86497
12004 1 0 124568
12004 1 1 82012
12005 0 0 17675
12005 0 1 10915
12005 1 0 18139
12005 1 1 11932
13001 0 0 31644
13001 0 1 14631
13001 1 0 33104
13001 1 1 17104
13002 0 0 8642
13002 0 1 2970
13002 1 0 9516
13002 1 1 3726
13003 0 0 77554
13003 0 1 31276
13003 1 0 79910
13003 1 1 35354
13004 0 0 44253
13004 0 1 17758
13004 1 0 46422
13004 1 1 19412
13005 0 0 29630
13005 0 1 12536
13005 1 0 31192
13005 1 1 14074
13006 0 0 50784
13006 0 1 21881
13006 1 0 53977
13006 1 1 25521
13007 0 0 604206
13007 0 1 432720
13007 1 0 599298
13007 1 1 403312
13008 0 0 16271
13008 0 1 8867
13008 1 0 16887
13008 1 1 10869
13009 0 0 48337
13009 0 1 25190
13009 1 0 50327
13009 1 1 28173
13010 0 0 79213
13010 0 1 37593
13010 1 0 83548
13010 1 1 42326
13011 0 0 15799
13011 0 1 7562
13011 1 0 16988
13011 1 1 8449
13012 0 0 22519
13012 0 1 10412
13012 1 0 24218
13012 1 1 12367
13013 0 0 53142
13013 0 1 25416
13013 1 0 56462
13013 1 1 30643
14001 0 0 99305
14001 0 1 61339
14001 1 0 99114
14001 1 1 60763
14002 0 0 13789
14002 0 1 5937
14002 1 0 15117
14002 1 1 7317
14003 0 0 12684
14003 0 1 7005
14003 1 0 13554
14003 1 1 8643
14004 0 0 14039
14004 0 1 7522
14004 1 0 15072
14004 1 1 9279
15001 0 0 58709
15001 0 1 30717
15001 1 0 61083
15001 1 1 33830
15002 0 0 149220
15002 0 1 91211
15002 1 0 151800
15002 1 1 92292
15003 0 0 22753
15003 0 1 9737
15003 1 0 23455
15003 1 1 11625
15004 0 0 45560
15004 0 1 16766
15004 1 0 48404
15004 1 1 19176
15005 0 0 69140
15005 0 1 28884
15005 1 0 73829
15005 1 1 32261
15006 0 0 46915
15006 0 1 27159
15006 1 0 50109
15006 1 1 28807
15007 0 0 584714
15007 0 1 533119
15007 1 0 569879
15007 1 1 454564
15008 0 0 87189
15008 0 1 60262
15008 1 0 89337
15008 1 1 58233
15009 0 0 72046
15009 0 1 47592
15009 1 0 76887
15009 1 1 50621
15010 0 0 114539
15010 0 1 73533
15010 1 0 119101
15010 1 1 75592
15011 0 0 138104
15011 0 1 74553
15011 1 0 146057
15011 1 1 78588
15012 0 0 93014
15012 0 1 44919
15012 1 0 98079
15012 1 1 51606
15013 0 0 137661
15013 0 1 72366
15013 1 0 144739
15013 1 1 79790
15014 0 0 63983
15014 0 1 36007
15014 1 0 65886
15014 1 1 43655
15015 0 0 82847
15015 0 1 47512
15015 1 0 87138
15015 1 1 56383
15016 0 0 104217
15016 0 1 55918
15016 1 0 106206
15016 1 1 62555
15017 0 0 91470
15017 0 1 50779
15017 1 0 93081
15017 1 1 56627
15018 0 0 50000
15018 0 1 27908
15018 1 0 51167
15018 1 1 37211
15019 0 0 80902
15019 0 1 43277
15019 1 0 81652
15019 1 1 49924
15020 0 0 88036
15020 0 1 51753
15020 1 0 90033
15020 1 1 54924
15021 0 0 53734
15021 0 1 35950
15021 1 0 54712
15021 1 1 38794
15022 0 0 39214
15022 0 1 25325
15022 1 0 41446
15022 1 1 30699
16001 0 0 9351
16001 0 1 4633
16001 1 0 9994
16001 1 1 5531
16002 0 0 7939
16002 0 1 3599
16002 1 0 8584
16002 1 1 4303
16003 0 0 172851
16003 0 1 102451
16003 1 0 172142
16003 1 1 98746
16004 0 0 22932
16004 0 1 10635
16004 1 0 23691
16004 1 1 12144
17001 0 0 57990
17001 0 1 38422
17001 1 0 60706
17001 1 1 39249
17002 0 0 79878
17002 0 1 58929
17002 1 0 80784
17002 1 1 59116
17003 0 0 37544
17003 0 1 31310
17003 1 0 39410
17003 1 1 34029
17004 0 0 30514
17004 0 1 25927
17004 1 0 31974
17004 1 1 27587
17005 0 0 36373
17005 0 1 31561
17005 1 0 37087
17005 1 1 32196
17006 0 0 96544
17006 0 1 65209
17006 1 0 95418
17006 1 1 65653
17007 0 0 20502
17007 0 1 13338
17007 1 0 22579
17007 1 1 15506
17008 0 0 32434
17008 0 1 24546
17008 1 0 34593
17008 1 1 26537
21001 0 0 52501
21001 0 1 36675
21001 1 0 56348
21001 1 1 38225
21002 0 0 376810
21002 0 1 314811
21002 1 0 358010
21002 1 1 259699
21003 0 0 49867
21003 0 1 29355
21003 1 0 52473
21003 1 1 29494
21004 0 0 57085
21004 0 1 28393
21004 1 0 60049
21004 1 1 30673
21005 0 0 170810
21005 0 1 109693
21005 1 0 176953
21005 1 1 106735
21006 0 0 66498
21006 0 1 38845
21006 1 0 67075
21006 1 1 38335
21007 0 0 70760
21007 0 1 36827
21007 1 0 74322
21007 1 1 39734
21008 0 0 193139
21008 0 1 115741
21008 1 0 197689
21008 1 1 114862
21009 0 0 168477
21009 0 1 117050
21009 1 0 169554
21009 1 1 111785
21010 0 0 121096
21010 0 1 88333
21010 1 0 121325
21010 1 1 81222
21011 0 0 96029
21011 0 1 56229
21011 1 0 100725
21011 1 1 59056
21012 0 0 55688
21012 0 1 40441
21012 1 0 56644
21012 1 1 38251
21013 0 0 42192
21013 0 1 25685
21013 1 0 44154
21013 1 1 26970
21014 0 0 69737
21014 0 1 39642
21014 1 0 71090
21014 1 1 39356
21015 0 0 79037
21015 0 1 54876
21015 1 0 80421
21015 1 1 49924
21016 0 0 27093
21016 0 1 16411
21016 1 0 27920
21016 1 1 15832
21017 0 0 121632
21017 0 1 90804
21017 1 0 123292
21017 1 1 80599
21018 0 0 60872
21018 0 1 43614
21018 1 0 62719
21018 1 1 42133
21019 0 0 31696
21019 0 1 21135
21019 1 0 34059
21019 1 1 23042
21020 0 0 40431
21020 0 1 24323
21020 1 0 40963
21020 1 1 24708
21021 0 0 19677
21021 0 1 13264
21021 1 0 21353
21021 1 1 13742
22001 0 0 92950
22001 0 1 71058
22001 1 0 97298
22001 1 1 68066
22002 0 0 83925
22002 0 1 69635
22002 1 0 85180
22002 1 1 64771
22003 0 0 273424
22003 0 1 252677
22003 1 0 266447
22003 1 1 206708
22004 0 0 57724
22004 0 1 52962
22004 1 0 60086
22004 1 1 49625
22005 0 0 35312
22005 0 1 31346
22005 1 0 35687
22005 1 1 28444
22006 0 0 26318
22006 0 1 26692
22006 1 0 26496
22006 1 1 24518
22007 0 0 13130
22007 0 1 8371
22007 1 0 13520
22007 1 1 8585
22008 0 0 10720
22008 0 1 9348
22008 1 0 11340
22008 1 1 9276
22009 0 0 32281
22009 0 1 29661
22009 1 0 32841
22009 1 1 26761
22010 0 0 25865
22010 0 1 17437
22010 1 0 27101
22010 1 1 17673
22011 0 0 36575
22011 0 1 30366
22011 1 0 37761
22011 1 1 30420
22012 0 0 23535
22012 0 1 16653
22012 1 0 24956
22012 1 1 17440
22013 0 0 52339
22013 0 1 50121
22013 1 0 52234
22013 1 1 44933
22014 0 0 14836
22014 0 1 14032
22014 1 0 15500
22014 1 1 13462
22015 0 0 70648
22015 0 1 59997
22015 1 0 72695
22015 1 1 58598
23001 0 0 104600
23001 0 1 74389
23001 1 0 108680
23001 1 1 73223
23002 0 0 84777
23002 0 1 63738
23002 1 0 85999
23002 1 1 60696
23003 0 0 15883
23003 0 1 12125
23003 1 0 16219
23003 1 1 11671
23004 0 0 6732
23004 0 1 5544
23004 1 0 7071
23004 1 1 5117
23005 0 0 107572
23005 0 1 85797
23005 1 0 109881
23005 1 1 77594
23006 0 0 36640
23006 0 1 32795
23006 1 0 37717
23006 1 1 30271
23007 0 0 18974
23007 0 1 16966
23007 1 0 19685
23007 1 1 16415
23008 0 0 59968
23008 0 1 41715
23008 1 0 63041
23008 1 1 41995
23009 0 0 29032
23009 0 1 23044
23009 1 0 30374
23009 1 1 23117
23010 0 0 28966
23010 0 1 21330
23010 1 0 30046
23010 1 1 20983
23011 0 0 23209
23011 0 1 18608
23011 1 0 24206
23011 1 1 18679
23012 0 0 35054
23012 0 1 27202
23012 1 0 36012
23012 1 1 26427
23013 0 0 51195
23013 0 1 42156
23013 1 0 52998
23013 1 1 40594
23014 0 0 16818
23014 0 1 14024
23014 1 0 17772
23014 1 1 13881
23015 0 0 35044
23015 0 1 32008
23015 1 0 36279
23015 1 1 30805
23016 0 0 899422
23016 0 1 859370
23016 1 0 885177
23016 1 1 707143
23017 0 0 34261
23017 0 1 24862
23017 1 0 34502
23017 1 1 23400
23018 0 0 61532
23018 0 1 60743
23018 1 0 62681
23018 1 1 55758
23019 0 0 72529
23019 0 1 60727
23019 1 0 75339
23019 1 1 57572
23020 0 0 38666
23020 0 1 35059
23020 1 0 38555
23020 1 1 33095
23021 0 0 54903
23021 0 1 54312
23021 1 0 56765
23021 1 1 51542
23022 0 0 28549
23022 0 1 26476
23022 1 0 29764
23022 1 1 24895
23023 0 0 80447
23023 0 1 77502
23023 1 0 83087
23023 1 1 72438
23024 0 0 15884
23024 0 1 15610
23024 1 0 16552
23024 1 1 14625
23025 0 0 11033
23025 0 1 10300
23025 1 0 11435
23025 1 1 9677
23026 0 0 57159
23026 0 1 57324
23026 1 0 56939
23026 1 1 51445
23027 0 0 24792
23027 0 1 24354
23027 1 0 25168
23027 1 1 22388
23028 0 0 14159
23028 0 1 14120
23028 1 0 15033
23028 1 1 13358
23029 0 0 26671
23029 0 1 21859
23029 1 0 27129
23029 1 1 19706
23030 0 0 15522
23030 0 1 13642
23030 1 0 15667
23030 1 1 12054
23031 0 0 23991
23031 0 1 21387
23031 1 0 24797
23031 1 1 20145
23032 0 0 148861
23032 0 1 129397
23032 1 0 148643
23032 1 1 107238
23033 0 0 27112
23033 0 1 23851
23033 1 0 27650
23033 1 1 21278
24001 0 0 87360
24001 0 1 82955
24001 1 0 88727
24001 1 1 73637
24002 0 0 17866
24002 0 1 18450
24002 1 0 18700
24002 1 1 17431
24003 0 0 10037
24003 0 1 9113
24003 1 0 10799
24003 1 1 9092
24004 0 0 36853
24004 0 1 33512
24004 1 0 38100
24004 1 1 32069
24005 0 0 16857
24005 0 1 15223
24005 1 0 17063
24005 1 1 13612
24006 0 0 28380
24006 0 1 29425
24006 1 0 29512
24006 1 1 26950
24007 0 0 15717
24007 0 1 16896
24007 1 0 16655
24007 1 1 15716
24008 0 0 13770
24008 0 1 12575
24008 1 0 14378
24008 1 1 11785
24009 0 0 13330
24009 0 1 12219
24009 1 0 14013
24009 1 1 11742
24010 0 0 15899
24010 0 1 14933
24010 1 0 16618
24010 1 1 14076
24011 0 0 23404
24011 0 1 26435
24011 1 0 24288
24011 1 1 23553
24012 0 0 28864
24012 0 1 32055
24012 1 0 29295
24012 1 1 28614
24013 0 0 18057
24013 0 1 13201
24013 1 0 18841
24013 1 1 12836
24014 0 0 35932
24014 0 1 31215
24014 1 0 37665
24014 1 1 29215
24015 0 0 62657
24015 0 1 51772
24015 1 0 65409
24015 1 1 49957
24016 0 0 24002
24016 0 1 16851
24016 1 0 26091
24016 1 1 17096
24017 0 0 80479
24017 0 1 64865
24017 1 0 82892
24017 1 1 60600
24018 0 0 266112
24018 0 1 277515
24018 1 0 261562
24018 1 1 225575
24019 0 0 36735
24019 0 1 27619
24019 1 0 38048
24019 1 1 26675
25001 0 0 29570
25001 0 1 29112
25001 1 0 30980
25001 1 1 26394
25002 0 0 43271
25002 0 1 42606
25002 1 0 43803
25002 1 1 38291
25003 0 0 44650
25003 0 1 48436
25003 1 0 45538
25003 1 1 43226
25004 0 0 33298
25004 0 1 32471
25004 1 0 33332
25004 1 1 27582
25005 0 0 18391
25005 0 1 17802
25005 1 0 18671
25005 1 1 15832
25006 0 0 22376
25006 0 1 19661
25006 1 0 23619
25006 1 1 18378
25007 0 0 32318
25007 0 1 26215
25007 1 0 33693
25007 1 1 23662
25008 0 0 9730
25008 0 1 10027
25008 1 0 9977
25008 1 1 9398
25009 0 0 19871
25009 0 1 17111
25009 1 0 20670
25009 1 1 16244
25010 0 0 30312
25010 0 1 31230
25010 1 0 31167
25010 1 1 28822
25011 0 0 16112
25011 0 1 15725
25011 1 0 16870
25011 1 1 14997
25012 0 0 31138
25012 0 1 29734
25012 1 0 32075
25012 1 1 26788
25013 0 0 24960
25013 0 1 22568
25013 1 0 25688
25013 1 1 20207
25014 0 0 14025
25014 0 1 13453
25014 1 0 14182
25014 1 1 11936
25015 0 0 31220
25015 0 1 27875
25015 1 0 32343
25015 1 1 25050
25016 0 0 42852
25016 0 1 41272
25016 1 0 44038
25016 1 1 36665
25017 0 0 131261
25017 0 1 131872
25017 1 0 131043
25017 1 1 108493
25018 0 0 28236
25018 0 1 27228
25018 1 0 28942
25018 1 1 24155
25019 0 0 14820
25019 0 1 12670
25019 1 0 15004
25019 1 1 11486
25020 0 0 38835
25020 0 1 32549
25020 1 0 40203
25020 1 1 30436
25021 0 0 35336
25021 0 1 31803
25021 1 0 36286
25021 1 1 29320
25022 0 0 268682
25022 0 1 278070
25022 1 0 262679
25022 1 1 225184
25023 0 0 23751
25023 0 1 17644
25023 1 0 24071
25023 1 1 16959
26001 0 0 90252
26001 0 1 65387
26001 1 0 91502
26001 1 1 60501
26002 0 0 45044
26002 0 1 36670
26002 1 0 46707
26002 1 1 33608
26003 0 0 83055
26003 0 1 78501
26003 1 0 83744
26003 1 1 69303
26004 0 0 59866
26004 0 1 49128
26004 1 0 60406
26004 1 1 43156
26005 0 0 129661
26005 0 1 96140
26005 1 0 129852
26005 1 1 88338
26006 0 0 39104
26006 0 1 28650
26006 1 0 40094
26006 1 1 26364
26007 0 0 52656
26007 0 1 38564
26007 1 0 53366
26007 1 1 35431
26008 0 0 229209
26008 0 1 212056
26008 1 0 228996
26008 1 1 181910
26009 0 0 77250
26009 0 1 63285
26009 1 0 77698
26009 1 1 55496
26010 0 0 66208
26010 0 1 63669
26010 1 0 67463
26010 1 1 55836
26011 0 0 122585
26011 0 1 105232
26011 1 0 122991
26011 1 1 91309
26012 0 0 58103
26012 0 1 51849
26012 1 0 59334
26012 1 1 47104
26013 0 0 144235
26013 0 1 130620
26013 1 0 145265
26013 1 1 115648
26014 0 0 57212
26014 0 1 53833
26014 1 0 57695
26014 1 1 46840
26015 0 0 161162
26015 0 1 121399
26015 1 0 163602
26015 1 1 113127
26016 0 0 43350
26016 0 1 39566
26016 1 0 45955
26016 1 1 36959
26017 0 0 799098
26017 0 1 936917
26017 1 0 785719
26017 1 1 737321
26018 0 0 73414
26018 0 1 61499
26018 1 0 74456
26018 1 1 56293
26019 0 0 634
26019 0 1 704
26019 1 0 647
26019 1 1 645
27001 0 0 27088
27001 0 1 17825
27001 1 0 27547
27001 1 1 17027
27002 0 0 23669
27002 0 1 17339
27002 1 0 23531
27002 1 1 15093
27003 0 0 52201
27003 0 1 34581
27003 1 0 52700
27003 1 1 31746
27004 0 0 27313
27004 0 1 19686
27004 1 0 27173
27004 1 1 18148
27005 0 0 47917
27005 0 1 42388
27005 1 0 47907
27005 1 1 36915
27006 0 0 119045
27006 0 1 92644
27006 1 0 117237
27006 1 1 81872
27007 0 0 11143
27007 0 1 7486
27007 1 0 11284
27007 1 1 7464
27008 0 0 43305
27008 0 1 31388
27008 1 0 43508
27008 1 1 28372
27009 0 0 91941
27009 0 1 58821
27009 1 0 93930
27009 1 1 56772
27010 0 0 20252
27010 0 1 12871
27010 1 0 20782
27010 1 1 12953
27011 0 0 309771
27011 0 1 292580
27011 1 0 301327
27011 1 1 237004
27012 0 0 86385
27012 0 1 57931
27012 1 0 86199
27012 1 1 53881
27013 0 0 35828
27013 0 1 27329
27013 1 0 36431
27013 1 1 24964
28001 0 0 45729
28001 0 1 31726
28001 1 0 47274
28001 1 1 31453
28002 0 0 18194
28002 0 1 16389
28002 1 0 18599
28002 1 1 15327
28003 0 0 17309
28003 0 1 14525
28003 1 0 17589
28003 1 1 13524
28004 0 0 43750
28004 0 1 37520
28004 1 0 44669
28004 1 1 34349
28005 0 0 29367
28005 0 1 26145
28005 1 0 29649
28005 1 1 23564
28006 0 0 31140
28006 0 1 26882
28006 1 0 31598
28006 1 1 24627
28007 0 0 25476
28007 0 1 20345
28007 1 0 26326
28007 1 1 18997
28008 0 0 13537
28008 0 1 9969
28008 1 0 13797
28008 1 1 9537
28009 0 0 15802
28009 0 1 11420
28009 1 0 16264
28009 1 1 11215
28010 0 0 26693
28010 0 1 19129
28010 1 0 26596
28010 1 1 17245
28011 0 0 225904
28011 0 1 215530
28011 1 0 220519
28011 1 1 173863
28012 0 0 44687
28012 0 1 33391
28012 1 0 45642
28012 1 1 31607
28013 0 0 35844
28013 0 1 26573
28013 1 0 36579
28013 1 1 24632
29001 0 0 85052
29001 0 1 55951
29001 1 0 86191
29001 1 1 58924
29002 0 0 30669
29002 0 1 24321
29002 1 0 33720
29002 1 1 26114
29003 0 0 47228
29003 0 1 40683
29003 1 0 49559
29003 1 1 40841
29004 0 0 128368
29004 0 1 99042
29004 1 0 131578
29004 1 1 95417
29005 0 0 45367
29005 0 1 40400
29005 1 0 45427
29005 1 1 35924
29006 0 0 50694
29006 0 1 33630
29006 1 0 52827
29006 1 1 34495
29007 0 0 49429
29007 0 1 34839
29007 1 0 51749
29007 1 1 35219
29008 0 0 77193
29008 0 1 65905
29008 1 0 79478
29008 1 1 64205
29009 0 0 101605
29009 0 1 83679
29009 1 0 105358
29009 1 1 82656
29010 0 0 88129
29010 0 1 76520
29010 1 0 89751
29010 1 1 72424
29011 0 0 67921
29011 0 1 57888
29011 1 0 70517
29011 1 1 53033
29012 0 0 266859
29012 0 1 247312
29012 1 0 266327
29012 1 1 209540
29013 0 0 27680
29013 0 1 21219
29013 1 0 28946
29013 1 1 21548
29014 0 0 79810
29014 0 1 67733
29014 1 0 82954
29014 1 1 67683
29015 0 0 83270
29015 0 1 71846
29015 1 0 85223
29015 1 1 69111
29016 0 0 112138
29016 0 1 96749
29016 1 0 114741
29016 1 1 91337
29017 0 0 83537
29017 0 1 74180
29017 1 0 84213
29017 1 1 66480
29018 0 0 34166
29018 0 1 23748
29018 1 0 35114
29018 1 1 22496
29019 0 0 56973
29019 0 1 51227
29019 1 0 57550
29019 1 1 46320
29020 0 0 142889
29020 0 1 135713
29020 1 0 143583
29020 1 1 117673
29021 0 0 880317
29021 0 1 944764
29021 1 0 857369
29021 1 1 776121
29022 0 0 48609
29022 0 1 44526
29022 1 0 50898
29022 1 1 43365
29023 0 0 70257
29023 0 1 57480
29023 1 0 72449
29023 1 1 54006
29024 0 0 134272
29024 0 1 121937
29024 1 0 137335
29024 1 1 113803
29025 0 0 24680
29025 0 1 23869
29025 1 0 25687
29025 1 1 23590
29026 0 0 96328
29026 0 1 88430
29026 1 0 100089
29026 1 1 86532
29027 0 0 59051
29027 0 1 58948
29027 1 0 60700
29027 1 1 57271
29028 0 0 166913
29028 0 1 150289
29028 1 0 168698
29028 1 1 140907
29029 0 0 53291
29029 0 1 44989
29029 1 0 54947
29029 1 1 44641
29030 0 0 75766
29030 0 1 54186
29030 1 0 78766
29030 1 1 54467
29031 0 0 274186
29031 0 1 241009
29031 1 0 275820
29031 1 1 229627
29032 0 0 203540
29032 0 1 159441
29032 1 0 206847
29032 1 1 158085
31001 0 0 37749
31001 0 1 34983
31001 1 0 39734
31001 1 1 36334
31002 0 0 55796
31002 0 1 51154
31002 1 0 58289
31002 1 1 52379
31003 0 0 78472
31003 0 1 57113
31003 1 0 81687
31003 1 1 56820
31004 0 0 66196
31004 0 1 57702
31004 1 0 67693
31004 1 1 55896
31005 0 0 56182
31005 0 1 48779
31005 1 0 58217
31005 1 1 47593
31006 0 0 44353
31006 0 1 37623
31006 1 0 45726
31006 1 1 37201
31007 0 0 161264
31007 0 1 143647
31007 1 0 162869
31007 1 1 134087
31008 0 0 12055
31008 0 1 8584
31008 1 0 13287
31008 1 1 8743
31009 0 0 18014
31009 0 1 15935
31009 1 0 18896
31009 1 1 15779
31010 0 0 21552
31010 0 1 20741
31010 1 0 21991
31010 1 1 18423
31011 0 0 56027
31011 0 1 42298
31011 1 0 58414
31011 1 1 40768
31012 0 0 42298
31012 0 1 35813
31012 1 0 44019
31012 1 1 34288
31013 0 0 21469
31013 0 1 20207
31013 1 0 21916
31013 1 1 19531
31014 0 0 44663
31014 0 1 43228
31014 1 0 47748
31014 1 1 44019
31015 0 0 69540
31015 0 1 66738
31015 1 0 69973
31015 1 1 60400
31016 0 0 29670
31016 0 1 29684
31016 1 0 30657
31016 1 1 28751
31017 0 0 31028
31017 0 1 40639
31017 1 0 32731
31017 1 1 38950
31018 0 0 192619
31018 0 1 224039
31018 1 0 198064
31018 1 1 205523
31019 0 0 46147
31019 0 1 50930
31019 1 0 48809
31019 1 1 51814
31020 0 0 57455
31020 0 1 69772
31020 1 0 59667
31020 1 1 66347
31021 0 0 41278
31021 0 1 46336
31021 1 0 44243
31021 1 1 47655
31022 0 0 79115
31022 0 1 96015
31022 1 0 83332
31022 1 1 87562
31023 0 0 48053
31023 0 1 53044
31023 1 0 50579
31023 1 1 52736
31024 0 0 23041
31024 0 1 25371
31024 1 0 23605
31024 1 1 24822
31025 0 0 36644
31025 0 1 39674
31025 1 0 37203
31025 1 1 37180
31026 0 0 37939
31026 0 1 44855
31026 1 0 39767
31026 1 1 42611
31027 0 0 95349
31027 0 1 104515
31027 1 0 97936
31027 1 1 96075
31028 0 0 22124
31028 0 1 20296
31028 1 0 23011
31028 1 1 19174
31029 0 0 29435
31029 0 1 32823
31029 1 0 30591
31029 1 1 30530
31030 0 0 1159684
31030 0 1 1323916
31030 1 0 1156620
31030 1 1 1132342
31031 0 0 90681
31031 0 1 104518
31031 1 0 91462
31031 1 1 92576
31032 0 0 13196
31032 0 1 17020
31032 1 0 13824
31032 1 1 17371
31033 0 0 42949
31033 0 1 45721
31033 1 0 43976
31033 1 1 41151
31034 0 0 58696
31034 0 1 67067
31034 1 0 60643
31034 1 1 60845
31035 0 0 33516
31035 0 1 32948
31035 1 0 34304
31035 1 1 30195
31036 0 0 21534
31036 0 1 19164
31036 1 0 22400
31036 1 1 18422
31037 0 0 104272
31037 0 1 111141
31037 1 0 104429
31037 1 1 95854
31038 0 0 14914
31038 0 1 17245
31038 1 0 14953
31038 1 1 16096
31039 0 0 129872
31039 0 1 140252
31039 1 0 131117
31039 1 1 125540
31040 0 0 61682
31040 0 1 65461
31040 1 0 63042
31040 1 1 63236
31041 0 0 34547
31041 0 1 41048
31041 1 0 35150
31041 1 1 38659
31042 0 0 17298
31042 0 1 23232
31042 1 0 18239
31042 1 1 22874
31043 0 0 115987
31043 0 1 126937
31043 1 0 121434
31043 1 1 119115
31044 0 0 32820
31044 0 1 43499
31044 1 0 34365
31044 1 1 41487
31045 0 0 24520
31045 0 1 31760
31045 1 0 25029
31045 1 1 30453
31046 0 0 28556
31046 0 1 34675
31046 1 0 29287
31046 1 1 33463
31047 0 0 51417
31047 0 1 60892
31047 1 0 54099
31047 1 1 60004
31048 0 0 59873
31048 0 1 71284
31048 1 0 63872
31048 1 1 70748
31049 0 0 52199
31049 0 1 60277
31049 1 0 53710
31049 1 1 59170
31050 0 0 105421
31050 0 1 115980
31050 1 0 107913
31050 1 1 111746
31051 0 0 75817
31051 0 1 96768
31051 1 0 77536
31051 1 1 91934
31052 0 0 73915
31052 0 1 87363
31052 1 0 77842
31052 1 1 87305
31053 0 0 32418
31053 0 1 36553
31053 1 0 33805
31053 1 1 37394
31054 0 0 47050
31054 0 1 58546
31054 1 0 48143
31054 1 1 54554
31055 0 0 16068
31055 0 1 20655
31055 1 0 16372
31055 1 1 20775
31056 0 0 43256
31056 0 1 51329
31056 1 0 44917
31056 1 1 49691
31057 0 0 34724
31057 0 1 41319
31057 1 0 35390
31057 1 1 38236
31058 0 0 40135
31058 0 1 52588
31058 1 0 41250
31058 1 1 48723
31059 0 0 50310
31059 0 1 63843
31059 1 0 51229
31059 1 1 56607
31060 0 0 42954
31060 0 1 52375
31060 1 0 43714
31060 1 1 48104
31061 0 0 70228
31061 0 1 66001
31061 1 0 72222
31061 1 1 65363
31062 0 0 52580
31062 0 1 58781
31062 1 0 53513
31062 1 1 56711
31063 0 0 64275
31063 0 1 74780
31063 1 0 65917
31063 1 1 71014
31064 0 0 62205
31064 0 1 72971
31064 1 0 64126
31064 1 1 70348
31065 0 0 161580
31065 0 1 217675
31065 1 0 163053
31065 1 1 186294
31066 0 0 47290
31066 0 1 63365
31066 1 0 47964
31066 1 1 57971
32001 0 0 21517
32001 0 1 22988
32001 1 0 22253
32001 1 1 22486
32002 0 0 30243
32002 0 1 31070
32002 1 0 31711
32002 1 1 31086
32003 0 0 46906
32003 0 1 54209
32003 1 0 47838
32003 1 1 50758
32004 0 0 13304
32004 0 1 13731
32004 1 0 13905
32004 1 1 13438
32005 0 0 50190
32005 0 1 43299
32005 1 0 50811
32005 1 1 41649
32006 0 0 80772
32006 0 1 73495
32006 1 0 82754
32006 1 1 71502
32007 0 0 31433
32007 0 1 33587
32007 1 0 32745
32007 1 1 34304
32008 0 0 24203
32008 0 1 27111
32008 1 0 25512
32008 1 1 27701
32009 0 0 391164
32009 0 1 416571
32009 1 0 394804
32009 1 1 362854
32010 0 0 44718
32010 0 1 48635
32010 1 0 45316
32010 1 1 46445
32011 0 0 39339
32011 0 1 39505
32011 1 0 40906
32011 1 1 38553
32012 0 0 78784
32012 0 1 89187
32012 1 0 80025
32012 1 1 84193
32013 0 0 18833
32013 0 1 18940
32013 1 0 19016
32013 1 1 18653
33001 0 0 43356
33001 0 1 56335
33001 1 0 44336
33001 1 1 51092
33002 0 0 26450
33002 0 1 35817
33002 1 0 27031
33002 1 1 33076
33003 0 0 141140
33003 0 1 161875
33003 1 0 142700
33003 1 1 142260
33004 0 0 66718
33004 0 1 65010
33004 1 0 67080
33004 1 1 62732
33005 0 0 35767
33005 0 1 44609
33005 1 0 36123
33005 1 1 39145
33006 0 0 14351
33006 0 1 17872
33006 1 0 14406
33006 1 1 16334
33007 0 0 50668
33007 0 1 69440
33007 1 0 51551
33007 1 1 61586
33008 0 0 6509
33008 0 1 7996
33008 1 0 6651
33008 1 1 8349
33009 0 0 39714
33009 0 1 42220
33009 1 0 40760
33009 1 1 39678
33010 0 0 127736
33010 0 1 146919
33010 1 0 129490
33010 1 1 134325
33011 0 0 155550
33011 0 1 196069
33011 1 0 156722
33011 1 1 171670
33012 0 0 39193
33012 0 1 52174
33012 1 0 39429
33012 1 1 44386
33013 0 0 52532
33013 0 1 50882
33013 1 0 52784
33013 1 1 50846
33014 0 0 36307
33014 0 1 47580
33014 1 0 36995
33014 1 1 42825
33015 0 0 107793
33015 0 1 142705
33015 1 0 108402
33015 1 1 121014
33016 0 0 25709
33016 0 1 29735
33016 1 0 26119
33016 1 1 28261
33017 0 0 55250
33017 0 1 57679
33017 1 0 56214
33017 1 1 54590
33018 0 0 2629409
33018 0 1 3485181
33018 1 0 2632106
33018 1 1 2854611
35001 0 0 29905
35001 0 1 45377
35001 1 0 31177
35001 1 1 42738
35002 0 0 21575
35002 0 1 31608
35002 1 0 22177
35002 1 1 29263
35003 0 0 29084
35003 0 1 40863
35003 1 0 30929
35003 1 1 38599
35004 0 0 165310
35004 0 1 224508
35004 1 0 170429
35004 1 1 203287
35005 0 0 48328
35005 0 1 62431
35005 1 0 51737
35005 1 1 58969
35006 0 0 9600
35006 0 1 13158
35006 1 0 10710
35006 1 1 12899
35007 0 0 13215
35007 0 1 19396
35007 1 0 13998
35007 1 1 18728
35008 0 0 16677
35008 0 1 22663
35008 1 0 17939
35008 1 1 21943
35009 0 0 30383
35009 0 1 39222
35009 1 0 31542
35009 1 1 34319
35010 0 0 50169
35010 0 1 56131
35010 1 0 51781
35010 1 1 53308
35011 0 0 22120
35011 0 1 26328
35011 1 0 23003
35011 1 1 24259
35012 0 0 92760
35012 0 1 103840
35012 1 0 95082
35012 1 1 95022
35013 0 0 93415
35013 0 1 112518
35013 1 0 97418
35013 1 1 104848
35014 0 0 243813
35014 0 1 282660
35014 1 0 250367
35014 1 1 255707
35015 0 0 24356
35015 0 1 29165
35015 1 0 25223
35015 1 1 27601
35016 0 0 37936
35016 0 1 52521
35016 1 0 40552
35016 1 1 50701
35017 0 0 53956
35017 0 1 74953
35017 1 0 57925
35017 1 1 69726
35018 0 0 56378
35018 0 1 73244
35018 1 0 59301
35018 1 1 68608
35019 0 0 35660
35019 0 1 45222
35019 1 0 37824
35019 1 1 41514
35020 0 0 125759
35020 0 1 157020
35020 1 0 135439
35020 1 1 143487
35021 0 0 78887
35021 0 1 95656
35021 1 0 82235
35021 1 1 89564
35022 0 0 41886
35022 0 1 45623
35022 1 0 44627
35022 1 1 46298
35023 0 0 47874
35023 0 1 57780
35023 1 0 49086
35023 1 1 52670
35024 0 0 114116
35024 0 1 140788
35024 1 0 117371
35024 1 1 129874
35025 0 0 69337
35025 0 1 86712
35025 1 0 72849
35025 1 1 79879
35026 0 0 54075
35026 0 1 68159
35026 1 0 57429
35026 1 1 62914
35027 0 0 135479
35027 0 1 156433
35027 1 0 139819
35027 1 1 146864
35028 0 0 128422
35028 0 1 153802
35028 1 0 132909
35028 1 1 140952
35029 0 0 42236
35029 0 1 50087
35029 1 0 44272
35029 1 1 46966
35030 0 0 89901
35030 0 1 116083
35030 1 0 93832
35030 1 1 109554
35031 0 0 88276
35031 0 1 104168
35031 1 0 90974
35031 1 1 99461
35032 0 0 608874
35032 0 1 730722
35032 1 0 625948
35032 1 1 665349
35033 0 0 38060
35033 0 1 52357
35033 1 0 39316
35033 1 1 49184
35034 0 0 23742
35034 0 1 33440
35034 1 0 26158
35034 1 1 32809
35035 0 0 30860
35035 0 1 44873
35035 1 0 37725
35035 1 1 45149
35036 0 0 127009
35036 0 1 163571
35036 1 0 132928
35036 1 1 149860
35037 0 0 23456
35037 0 1 32587
35037 1 0 24273
35037 1 1 29457
35038 0 0 72913
35038 0 1 96269
35038 1 0 75482
35038 1 1 85621
35039 0 0 58663
35039 0 1 74710
35039 1 0 61531
35039 1 1 68957
35040 0 0 66439
35040 0 1 81049
35040 1 0 68543
35040 1 1 73886
35041 0 0 60605
35041 0 1 60263
35041 1 0 61950
35041 1 1 57647
35042 0 0 45623
35042 0 1 48332
35042 1 0 50027
35042 1 1 47621
35043 0 0 61094
35043 0 1 67757
35043 1 0 63407
35043 1 1 65060
35044 0 0 34361
35044 0 1 32391
35044 1 0 35428
35044 1 1 32887
35045 0 0 46346
35045 0 1 46635
35045 1 0 48204
35045 1 1 48043
35046 0 0 315825
35046 0 1 353135
35046 1 0 326633
35046 1 1 328254
35047 0 0 147606
35047 0 1 174217
35047 1 0 151359
35047 1 1 160091
35048 0 0 114817
35048 0 1 136657
35048 1 0 118735
35048 1 1 127962
35049 0 0 16693
35049 0 1 18087
35049 1 0 16997
35049 1 1 17086
35050 0 0 336206
35050 0 1 383128
35050 1 0 344879
35050 1 1 350933
35051 0 0 93061
35051 0 1 112183
35051 1 0 96956
35051 1 1 99933
35052 0 0 6223
35052 0 1 6938
35052 1 0 6367
35052 1 1 6753
35053 0 0 15924
35053 0 1 18398
35053 1 0 16634
35053 1 1 19436
35054 0 0 70250
35054 0 1 71179
35054 1 0 71465
35054 1 1 68885
35055 0 0 60385
35055 0 1 60876
35055 1 0 61700
35055 1 1 60631
35056 0 0 51759
35056 0 1 59659
35056 1 0 52651
35056 1 1 54729
35057 0 0 457308
35057 0 1 455472
35057 1 0 458332
35057 1 1 403734
35058 0 0 117476
35058 0 1 108714
35058 1 0 123456
35058 1 1 103915
35059 0 0 343861
35059 0 1 346246
35059 1 0 347660
35059 1 1 309570
35060 0 0 256610
35060 0 1 247882
35060 1 0 259373
35060 1 1 223133
35061 0 0 3226205
35061 0 1 4019039
35061 1 0 3217437
35061 1 1 3342150
35062 0 0 342136
35062 0 1 329421
35062 1 0 346123
35062 1 1 298722
35063 0 0 340180
35063 0 1 428562
35063 1 0 343211
35063 1 1 359060
41001 0 0 62851
41001 0 1 73939
41001 1 0 65048
41001 1 1 68956
41002 0 0 59834
41002 0 1 74560
41002 1 0 60920
41002 1 1 69778
41003 0 0 33203
41003 0 1 38692
41003 1 0 34045
41003 1 1 36493
41004 0 0 26407
41004 0 1 32740
41004 1 0 26851
41004 1 1 30753
41005 0 0 50816
41005 0 1 59256
41005 1 0 52126
41005 1 1 55176
41006 0 0 40951
41006 0 1 51589
41006 1 0 42844
41006 1 1 48527
41007 0 0 18221
41007 0 1 23261
41007 1 0 19079
41007 1 1 21978
41008 0 0 7443
41008 0 1 10118
41008 1 0 7672
41008 1 1 9462
41009 0 0 125560
41009 0 1 152711
41009 1 0 127576
41009 1 1 134630
41010 0 0 66727
41010 0 1 79529
41010 1 0 68239
41010 1 1 72489
41011 0 0 169244
41011 0 1 205355
41011 1 0 170326
41011 1 1 179645
41012 0 0 10326
41012 0 1 12894
41012 1 0 10712
41012 1 1 12426
41013 0 0 31746
41013 0 1 37144
41013 1 0 32018
41013 1 1 36741
41014 0 0 16505
41014 0 1 19347
41014 1 0 17021
41014 1 1 18300
41015 0 0 39341
41015 0 1 50347
41015 1 0 40312
41015 1 1 46281
41016 0 0 28559
41016 0 1 33811
41016 1 0 29435
41016 1 1 30747
41017 0 0 18312
41017 0 1 19826
41017 1 0 19252
41017 1 1 19969
41018 0 0 22596
41018 0 1 26763
41018 1 0 23204
41018 1 1 26296
41019 0 0 41147
41019 0 1 37766
41019 1 0 42306
41019 1 1 37780
41020 0 0 26282
41020 0 1 23893
41020 1 0 26613
41020 1 1 23511
41021 0 0 109528
41021 0 1 109953
41021 1 0 112211
41021 1 1 98289
41022 0 0 87637
41022 0 1 104454
41022 1 0 88935
41022 1 1 96754
41023 0 0 107786
41023 0 1 111798
41023 1 0 109711
41023 1 1 103683
41024 0 0 104161
41024 0 1 104837
41024 1 0 104073
41024 1 1 95729
41025 0 0 21714
41025 0 1 26116
41025 1 0 22594
41025 1 1 24868
41026 0 0 58484
41026 0 1 62948
41026 1 0 60399
41026 1 1 60580
41027 0 0 38381
41027 0 1 42927
41027 1 0 38881
41027 1 1 39235
41028 0 0 19338
41028 0 1 18110
41028 1 0 19894
41028 1 1 18393
41029 0 0 98636
41029 0 1 91232
41029 1 0 100922
41029 1 1 87296
41030 0 0 24618
41030 0 1 20807
41030 1 0 25091
41030 1 1 19853
41031 0 0 32344
41031 0 1 30311
41031 1 0 33940
41031 1 1 31732
41032 0 0 23233
41032 0 1 25268
41032 1 0 24352
41032 1 1 24596
41033 0 0 29262
41033 0 1 28745
41033 1 0 30730
41033 1 1 27954
41034 0 0 15601
41034 0 1 14865
41034 1 0 16135
41034 1 1 15711
41035 0 0 7539
41035 0 1 6506
41035 1 0 7994
41035 1 1 7002
41036 0 0 11959
41036 0 1 12585
41036 1 0 12587
41036 1 1 12315
41037 0 0 750911
41037 0 1 823545
41037 1 0 760500
41037 1 1 725376
41038 0 0 66771
41038 0 1 67173
41038 1 0 67830
41038 1 1 63618
41039 0 0 21998
41039 0 1 21839
41039 1 0 23345
41039 1 1 22349
42001 0 0 39342
42001 0 1 47277
42001 1 0 41295
42001 1 1 46818
42002 0 0 97559
42002 0 1 104886
42002 1 0 100695
42002 1 1 101926
42003 0 0 37638
42003 0 1 38745
42003 1 0 38992
42003 1 1 37090
42004 0 0 79706
42004 0 1 84395
42004 1 0 81674
42004 1 1 80684
42005 0 0 31488
42005 0 1 39510
42005 1 0 32547
42005 1 1 38445
42006 0 0 60230
42006 0 1 61284
42006 1 0 62472
42006 1 1 59753
42007 0 0 31390
42007 0 1 31819
42007 1 0 32345
42007 1 1 30841
42008 0 0 204559
42008 0 1 217512
42008 1 0 213637
42008 1 1 207001
42009 0 0 30781
42009 0 1 30425
42009 1 0 31716
42009 1 1 29704
42010 0 0 68539
42010 0 1 75028
42010 1 0 70505
42010 1 1 70043
42011 0 0 48340
42011 0 1 53943
42011 1 0 50370
42011 1 1 52241
42012 0 0 158612
42012 0 1 183178
42012 1 0 165335
42012 1 1 170251
42013 0 0 140912
42013 0 1 149452
42013 1 0 143470
42013 1 1 137113
42014 0 0 13545
42014 0 1 14025
42014 1 0 14020
42014 1 1 14173
42015 0 0 22341
42015 0 1 23041
42015 1 0 23642
42015 1 1 22883
42016 0 0 206909
42016 0 1 243037
42016 1 0 210795
42016 1 1 217519
42017 0 0 5347
42017 0 1 6363
42017 1 0 5567
42017 1 1 6651
42018 0 0 85709
42018 0 1 103656
42018 1 0 88699
42018 1 1 96795
42019 0 0 88963
42019 0 1 97507
42019 1 0 92407
42019 1 1 90521
42020 0 0 43201
42020 0 1 47882
42020 1 0 44346
42020 1 1 45379
43001 0 0 32017
43001 0 1 48045
43001 1 0 33115
43001 1 1 44099
43002 0 0 30244
43002 0 1 42317
43002 1 0 31411
43002 1 1 39822
43003 0 0 38384
43003 0 1 49064
43003 1 0 39629
43003 1 1 47528
43004 0 0 44448
43004 0 1 63144
43004 1 0 45649
43004 1 1 58412
43005 0 0 12041
43005 0 1 18420
43005 1 0 12608
43005 1 1 17567
43006 0 0 12851
43006 0 1 20091
43006 1 0 13541
43006 1 1 19582
43007 0 0 42167
43007 0 1 58190
43007 1 0 43615
43007 1 1 52999
43008 0 0 39969
43008 0 1 53702
43008 1 0 41193
43008 1 1 49056
43009 0 0 35885
43009 0 1 46298
43009 1 0 36318
43009 1 1 41452
43010 0 0 75718
43010 0 1 92738
43010 1 0 76969
43010 1 1 82278
43011 0 0 33189
43011 0 1 43851
43011 1 0 33788
43011 1 1 39395
43012 0 0 8746
43012 0 1 12737
43012 1 0 9307
43012 1 1 11431
43013 0 0 16534
43013 0 1 18969
43013 1 0 17282
43013 1 1 18705
43014 0 0 26213
43014 0 1 37421
43014 1 0 27585
43014 1 1 36030
43015 0 0 35675
43015 0 1 43147
43015 1 0 37324
43015 1 1 41191
43016 0 0 172636
43016 0 1 218107
43016 1 0 178057
43016 1 1 200817
43017 0 0 24544
43017 0 1 31781
43017 1 0 25041
43017 1 1 29316
43018 0 0 81198
43018 0 1 107264
43018 1 0 81870
43018 1 1 92684
43019 0 0 13083
43019 0 1 18658
43019 1 0 13374
43019 1 1 18125
43020 0 0 70050
43020 0 1 92606
43020 1 0 71867
43020 1 1 85789
43021 0 0 64990
43021 0 1 89459
43021 1 0 67409
43021 1 1 83702
43022 0 0 32491
43022 0 1 46012
43022 1 0 33343
43022 1 1 41123
43023 0 0 45320
43023 0 1 55946
43023 1 0 47204
43023 1 1 54047
43024 0 0 68317
43024 0 1 81980
43024 1 0 69537
43024 1 1 76747
43025 0 0 32047
43025 0 1 37998
43025 1 0 35478
43025 1 1 38085
43026 0 0 845383
43026 0 1 1049074
43026 1 0 853765
43026 1 1 879807
43027 0 0 76258
43027 0 1 95960
43027 1 0 78990
43027 1 1 89911
43028 0 0 29429
43028 0 1 35823
43028 1 0 30620
43028 1 1 34576
43029 0 0 86493
43029 0 1 98909
43029 1 0 87631
43029 1 1 91216
43030 0 0 41226
43030 0 1 54334
43030 1 0 41911
43030 1 1 47477
43031 0 0 39598
43031 0 1 50097
43031 1 0 40274
43031 1 1 43839
43032 0 0 24673
43032 0 1 33518
43032 1 0 25449
43032 1 1 32783
43033 0 0 106708
43033 0 1 144516
43033 1 0 107520
43033 1 1 124171
43034 0 0 11450
43034 0 1 15459
43034 1 0 11811
43034 1 1 14434
43035 0 0 59330
43035 0 1 73932
43035 1 0 60356
43035 1 1 66020
50001 0 0 37807
50001 0 1 30537
50001 1 0 39745
50001 1 1 30603
50002 0 0 27332
50002 0 1 24561
50002 1 0 28546
50002 1 1 24968
50003 0 0 29528
50003 0 1 27782
50003 1 0 30714
50003 1 1 29150
50004 0 0 217767
50004 0 1 229418
50004 1 0 221859
50004 1 1 204807
50005 0 0 14791
50005 0 1 14531
50005 1 0 15796
50005 1 1 15191
50006 0 0 18132
50006 0 1 20048
50006 1 0 18364
50006 1 1 19924
50007 0 0 40439
50007 0 1 36907
50007 1 0 41427
50007 1 1 37473
50008 0 0 22532
50008 0 1 21477
50008 1 0 22895
50008 1 1 21467
50009 0 0 27482
50009 0 1 24412
50009 1 0 28362
50009 1 1 24998
50010 0 0 134141
50010 0 1 117013
50010 1 0 136532
50010 1 1 113233
50011 0 0 59835
50011 0 1 52624
50011 1 0 60862
50011 1 1 53012
51001 0 0 38233
51001 0 1 26821
51001 1 0 39750
51001 1 1 32864
51002 0 0 25227
51002 0 1 21938
51002 1 0 26299
51002 1 1 25677
51003 0 0 37581
51003 0 1 31844
51003 1 0 38818
51003 1 1 35407
51004 0 0 25006
51004 0 1 17507
51004 1 0 26533
51004 1 1 20298
51005 0 0 19859
51005 0 1 15932
51005 1 0 21114
51005 1 1 18730
51006 0 0 52808
51006 0 1 37279
51006 1 0 58134
51006 1 1 43007
51007 0 0 47643
51007 0 1 36601
51007 1 0 49090
51007 1 1 39855
51008 0 0 8688
51008 0 1 6654
51008 1 0 9300
51008 1 1 8254
51009 0 0 30892
51009 0 1 21965
51009 1 0 32442
51009 1 1 26939
51010 0 0 26898
51010 0 1 20847
51010 1 0 28224
51010 1 1 23447
51011 0 0 16420
51011 0 1 16115
51011 1 0 16807
51011 1 1 15905
51012 0 0 18672
51012 0 1 14268
51012 1 0 19307
51012 1 1 15527
51013 0 0 39511
51013 0 1 31507
51013 1 0 40524
51013 1 1 33369
51014 0 0 27491
51014 0 1 25508
51014 1 0 28192
51014 1 1 26243
51015 0 0 8216
51015 0 1 7411
51015 1 0 8577
51015 1 1 8556
51016 0 0 7588
51016 0 1 7025
51016 1 0 8299
51016 1 1 7979
51017 0 0 222780
51017 0 1 208911
51017 1 0 225631
51017 1 1 194265
51018 0 0 34774
51018 0 1 30119
51018 1 0 36178
51018 1 1 31107
51019 0 0 22958
51019 0 1 17928
51019 1 0 23782
51019 1 1 18987
51020 0 0 12533
51020 0 1 13356
51020 1 0 13526
51020 1 1 15092
51021 0 0 69492
51021 0 1 66440
51021 1 0 72684
51021 1 1 67091
51022 0 0 8532
51022 0 1 7808
51022 1 0 9197
51022 1 1 8529
52001 0 0 18461
52001 0 1 18504
52001 1 0 19421
52001 1 1 20315
52002 0 0 20155
52002 0 1 23536
52002 1 0 20922
52002 1 1 23776
52003 0 0 12445
52003 0 1 14723
52003 1 0 13008
52003 1 1 15275
52004 0 0 56564
52004 0 1 57160
52004 1 0 58502
52004 1 1 59200
52005 0 0 17502
52005 0 1 13292
52005 1 0 17646
52005 1 1 14244
52006 0 0 53374
52006 0 1 61379
52006 1 0 55866
52006 1 1 60620
52007 0 0 131305
52007 0 1 142224
52007 1 0 135456
52007 1 1 131235
52008 0 0 12429
52008 0 1 17105
52008 1 0 12676
52008 1 1 16876
52009 0 0 24291
52009 0 1 30138
52009 1 0 25401
52009 1 1 29689
52010 0 0 545622
52010 0 1 545927
52010 1 0 545066
52010 1 1 480115
52011 0 0 29056
52011 0 1 22609
52011 1 0 30948
52011 1 1 24698
52012 0 0 301579
52012 0 1 225944
52012 1 0 304217
52012 1 1 220671
52013 0 0 112954
52013 0 1 105782
52013 1 0 119553
52013 1 1 108144
52014 0 0 26599
52014 0 1 28823
52014 1 0 28282
52014 1 1 29862
52015 0 0 83361
52015 0 1 96777
52015 1 0 86985
52015 1 1 94200
52016 0 0 21161
52016 0 1 24928
52016 1 0 21975
52016 1 1 25150
52017 0 0 34356
52017 0 1 38493
52017 1 0 35960
52017 1 1 38467
52018 0 0 25337
52018 0 1 28266
52018 1 0 27445
52018 1 1 29761
53001 0 0 678428
53001 0 1 662852
53001 1 0 665035
53001 1 1 563845
